Date,Home,Away,Predicted_Margin,Actual_Margin,Predicted_Win_Prob,Actual_Win,Margin_Error
2025-10-21,OKC,HOU,4.152807,1.0,0.6593081401309064,1,3.1528072357177734
2025-10-21,LAL,GSW,1.6074857,-10.0,0.5635439870194048,0,11.60748565196991
2025-10-22,NYK,CLE,0.07677475,8.0,0.5030513714024598,1,-7.923225246369839
2025-10-22,DAL,SAS,-0.06275749,-33.0,0.4975057268649335,0,32.93724250793457
2025-10-22,CHO,BRK,3.2834601,19.0,0.6276162323739006,1,-15.716539859771729
2025-10-22,ORL,MIA,3.3723526,4.0,0.6309131045018722,1,-0.6276473999023438
2025-10-22,ATL,TOR,3.8748045,-20.0,0.6493118523309375,0,23.874804496765137
2025-10-22,BOS,PHI,4.1538944,-1.0,0.6593469627827219,0,5.153894424438477
2025-10-22,CHI,DET,-1.6429199,4.0,0.43507092634458766,1,-5.642919898033142
2025-10-22,MEM,NOP,4.6145477,6.0,0.6755991545313992,1,-1.3854522705078125
2025-10-22,MIL,WAS,6.3613076,13.0,0.7332783161692649,1,-6.638692378997803
2025-10-22,UTA,LAC,-4.6728196,21.0,0.3223738016144175,1,-25.6728196144104
2025-10-22,PHX,SAC,-0.8550378,4.0,0.4660687913287321,1,-4.855037808418274
2025-10-22,POR,MIN,-2.175645,-4.0,0.41438097108152194,0,1.824354887008667
2025-10-23,IND,OKC,-3.9360533,-6.0,0.3484741381094109,0,2.0639467239379883
2025-10-23,GSW,DEN,-0.08785136,6.0,0.49650840821100967,1,-6.087851360440254
2025-10-24,HOU,DET,2.3685296,-4.0,0.5930403553265472,0,6.368529558181763
2025-10-24,TOR,MIL,0.10434812,-6.0,0.5041472165582719,0,6.104348123073578
2025-10-24,LAL,MIN,1.5317074,18.0,0.5605785943610283,1,-16.468292593955994
2025-10-24,BRK,CLE,-5.915775,-7.0,0.28080160479194194,0,1.0842251777648926
2025-10-24,ORL,ATL,2.3051496,-4.0,0.590606282712665,0,6.305149555206299
2025-10-24,NYK,BOS,4.055431,10.0,0.6558222845327876,1,-5.944569110870361
2025-10-24,POR,GSW,-0.4696461,20.0,0.48134260280649155,1,-20.469646096229553
2025-10-24,MEM,MIA,2.2832682,-32.0,0.589764903687158,0,34.283268213272095
2025-10-24,SAC,UTA,4.7514534,1.0,0.6803509830896536,1,3.751453399658203
2025-10-24,NOP,SAS,-1.7381239,-4.0,0.43135457882682177,0,2.261876106262207
2025-10-24,LAC,PHX,5.973846,27.0,0.7210590661899248,1,-21.026154041290283
2025-10-24,DAL,WAS,4.4388866,-10.0,0.6694488691388246,0,14.438886642456055
2025-10-25,ORL,CHI,2.855343,-12.0,0.611576059483502,0,14.855343103408813
2025-10-25,ATL,OKC,-5.873435,-17.0,0.2821629828767948,0,11.126564979553223
2025-10-25,PHI,CHO,5.609727,4.0,0.7092683810234894,1,1.609726905822754
2025-10-25,MEM,IND,0.6606213,25.0,0.5262322564647801,1,-24.339378714561462
2025-10-25,DEN,PHX,7.5223284,22.0,0.767794341118996,1,-14.47767162322998
2025-10-26,SAS,BRK,6.9647274,11.0,0.7516162886083417,1,-4.035272598266602
2025-10-26,DET,BOS,2.4051418,6.0,0.5944443580312003,1,-3.594858169555664
2025-10-26,CLE,MIL,4.0301256,5.0,0.65491364069788,1,-0.969874382019043
2025-10-26,MIA,NYK,-1.6128498,8.0,0.43624626872494443,1,-9.612849831581116
2025-10-26,WAS,CHO,-0.40715563,-26.0,0.4838232647245266,0,25.592844367027283
2025-10-26,MIN,IND,5.6105666,4.0,0.7092959082339477,1,1.6105666160583496
2025-10-26,LAC,POR,4.1297793,7.0,0.658485330487616,1,-2.87022066116333
2025-10-26,SAC,LAL,-1.4043887,-7.0,0.44441335392580256,0,5.595611333847046
2025-10-26,DAL,TOR,2.41395,10.0,0.5947819018719452,1,-7.586050033569336
2025-10-27,MIN,DEN,-0.6957979,-13.0,0.4723737061245919,0,12.30420207977295
2025-10-27,DAL,OKC,-4.2867045,-7.0,0.33592670054080137,0,2.7132954597473145
2025-10-27,SAS,TOR,2.7283058,18.0,0.6067677251134507,1,-15.27169418334961
2025-10-27,NOP,BOS,-0.98226684,-32.0,0.46103899006428567,0,31.01773315668106
2025-10-27,DET,CLE,-0.45763716,-21.0,0.481819249672016,0,20.542362838983536
2025-10-27,UTA,PHX,-1.2344866,4.0,0.4510922664020966,1,-5.2344865798950195
2025-10-27,GSW,MEM,3.5092323,13.0,0.6359658407873943,1,-9.49076771736145
2025-10-27,LAL,POR,4.895134,-14.0,0.6852979863700498,0,18.89513397216797
2025-10-27,HOU,BRK,8.9963,28.0,0.8069371790648124,1,-19.003700256347656
2025-10-27,PHI,ORL,-0.053892694,12.0,0.4978580502789607,1,-12.053892694413662
2025-10-27,CHI,ATL,-1.7510475,5.0,0.43085068384691655,1,-6.751047492027283
2025-10-28,MIA,CHO,3.5718327,27.0,0.6382667740781282,1,-23.42816734313965
2025-10-28,OKC,SAC,5.2082047,6.0,0.695931767588103,1,-0.7917952537536621
2025-10-28,WAS,PHI,-2.4618344,-5.0,0.4033846531118873,0,2.53816556930542
2025-10-28,GSW,LAC,-0.038339213,19.0,0.4984762143624171,1,-19.038339212536812
2025-10-28,MIL,NYK,-0.9452709,10.0,0.46250079511680675,1,-10.945270895957947
2025-10-29,CHI,SAC,2.9169974,13.0,0.6139019211933201,1,-10.08300256729126
2025-10-29,DET,ORL,-0.15007298,19.0,0.4940356389014708,1,-19.15007297694683
2025-10-29,BOS,CLE,-2.7423997,20.0,0.3926977843394295,1,-22.7423996925354
2025-10-29,BRK,ATL,-4.022304,-5.0,0.34536743988041546,0,0.9776959419250488
2025-10-29,TOR,HOU,-1.4016311,-18.0,0.44452160065485896,0,16.598368883132935
2025-10-29,MIN,LAL,2.1274168,-1.0,0.583757191730016,0,3.1274168491363525
2025-10-29,DEN,NOP,5.6911573,34.0,0.7119306419614119,1,-28.308842658996582
2025-10-29,UTA,POR,-2.0515065,-2.0,0.4191781307386048,0,-0.05150651931762695
2025-10-29,PHX,MEM,-2.4059265,-1.0,0.4055255696760257,0,-1.4059264659881592
2025-10-29,DAL,IND,1.6107906,2.0,0.56367321656127,1,-0.3892093896865845
2025-10-30,MIL,GSW,0.04425589,10.0,0.5017589411887884,1,-9.955744110047817
2025-10-30,OKC,WAS,10.201,19.0,0.8350367840029862,1,-8.798999786376953
2025-10-30,SAS,MIA,2.812909,6.0,0.6099722970324025,1,-3.187091112136841
2025-10-30,CHO,ORL,-2.1317928,-16.0,0.41607377721176736,0,13.868207216262817
2025-10-31,MEM,LAL,0.19041616,-5.0,0.5075675040838381,0,5.190416157245636
2025-10-31,CLE,TOR,7.052698,-11.0,0.7542180464961182,0,18.052698135375977
2025-10-31,IND,ATL,-0.88571715,-20.0,0.4648552607932295,0,19.114282846450806
2025-10-31,PHI,BOS,1.3462193,-1.0,0.5533021234936829,0,2.346219301223755
2025-10-31,CHI,NYK,-2.2183316,10.0,0.41273510976166433,1,-12.218331575393677
2025-10-31,POR,DEN,-2.6113338,2.0,0.39767803525637585,1,-4.611333847045898
2025-10-31,LAC,NOP,7.0159,2.0,0.7531319753357084,1,5.015900135040283
2025-10-31,PHX,UTA,3.1237164,22.0,0.6216618420618555,1,-18.876283645629883
2025-11-01,MIL,SAC,3.6087158,-2.0,0.6396194914214274,0,5.608715772628784
2025-11-01,CHO,MIN,-2.543452,-17.0,0.4002658395823224,0,14.456547975540161
2025-11-01,IND,GSW,-3.0084808,5.0,0.3826565275510182,1,-8.008480787277222
2025-11-01,WAS,ORL,-4.4041004,-31.0,0.33177606133361703,0,26.59589958190918
2025-11-01,BOS,HOU,-2.3704672,-27.0,0.406885302454322,0,24.62953281402588
2025-11-01,DET,DAL,2.8418736,12.0,0.6110672535019012,1,-9.15812635421753
2025-11-02,CLE,ATL,3.9584308,8.0,0.6523331361765171,1,-4.041569232940674
2025-11-02,OKC,NOP,7.1385813,31.0,0.7567402800362163,1,-23.86141872406006
2025-11-02,BRK,PHI,-3.1925597,-24.0,0.3757674292949404,0,20.807440280914307
2025-11-02,CHO,UTA,2.3042996,23.0,0.5905736099238655,1,-20.6957004070282
2025-11-02,NYK,CHI,5.276484,12.0,0.6982239101680471,1,-6.72351598739624
2025-11-02,TOR,MEM,1.5499913,13.0,0.5612944912524088,1,-11.450008749961853
2025-11-02,PHX,SAS,-2.773729,12.0,0.39151058298342495,1,-14.773729085922241
2025-11-02,LAL,MIA,3.4724197,10.0,0.6346098452523635,1,-6.527580261230469
2025-11-03,IND,MIL,-0.5939105,-2.0,0.47641257316557967,0,1.4060894846916199
2025-11-03,NYK,WAS,7.809879,17.0,0.7758446891372104,1,-9.190121173858643
2025-11-03,BOS,UTA,11.216505,-2.0,0.8560913106864984,0,13.21650505065918
2025-11-03,BRK,MIN,-5.7871923,-16.0,0.2849483495247654,0,10.212807655334473
2025-11-03,DEN,SAC,5.6261487,6.0,0.7098064377399304,1,-0.37385129928588867
2025-11-03,HOU,DAL,5.827155,8.0,0.7163443772013391,1,-2.172844886779785
2025-11-03,POR,LAL,0.2843631,-8.0,0.5113000743438164,0,8.284363090991974
2025-11-03,LAC,MIA,5.0365815,-1.0,0.6901273766771344,0,6.036581516265869
2025-11-03,MEM,DET,-0.9798802,-8.0,0.46113327199354104,0,7.020119786262512
2025-11-04,TOR,MIL,1.4307017,28.0,0.5566192904310137,1,-26.569298267364502
2025-11-04,ATL,ORL,-2.3978004,15.0,0.4058370454714746,1,-17.39780044555664
2025-11-04,CHI,PHI,-0.17929013,2.0,0.49287460386953935,1,-2.1792901307344437
2025-11-04,NOP,CHO,-1.355836,4.0,0.4463200344346703,1,-5.355836033821106
2025-11-04,GSW,PHX,5.9142976,11.0,0.7191509640008381,1,-5.085702419281006
2025-11-04,LAC,OKC,-7.8599505,-19.0,0.22277396177528863,0,11.140049457550049
2025-11-05,IND,BRK,6.946304,-9.0,0.7510690777832377,0,15.946303844451904
2025-11-05,CLE,PHI,7.5045233,11.0,0.7672892925114451,1,-3.495476722717285
2025-11-05,MEM,HOU,-8.161151,-15.0,0.21459307942172942,0,6.838849067687988
2025-11-05,LAL,SAS,2.4545512,2.0,0.5963366531370965,1,0.45455121994018555
2025-11-05,DAL,NOP,6.1233153,-2.0,0.7258133122447098,0,8.123315334320068
2025-11-05,SAC,GSW,-0.5873991,5.0,0.4766707984322614,1,-5.587399125099182
2025-11-05,DEN,MIA,5.2800703,10.0,0.6983440309512274,1,-4.7199296951293945
2025-11-05,NYK,MIN,2.5871212,23.0,0.6013995753787612,1,-20.41287875175476
2025-11-05,DET,UTA,7.806779,11.0,0.7757589705233779,1,-3.193221092224121
2025-11-05,POR,OKC,-2.3326519,2.0,0.40833695442795775,1,-4.332651853561401
2025-11-05,BOS,WAS,12.522316,29.0,0.8798272872028053,1,-16.477684020996094
2025-11-06,PHX,LAC,-2.1691017,13.0,0.4146334348039731,1,-15.16910171508789
2025-11-07,WAS,CLE,-11.8738365,-33.0,0.131506880610003,0,21.126163482666016
2025-11-07,MIL,CHI,2.1717932,16.0,0.5854704169781807,1,-13.828206777572632
2025-11-07,MEM,DAL,0.83458406,14.0,0.5331219304429454,1,-13.165415942668915
2025-11-07,MIA,CHO,7.71216,18.0,0.7731313759791819,1,-10.287839889526367
2025-11-07,ORL,BOS,3.2511373,13.0,0.6264144634507595,1,-9.748862743377686
2025-11-07,MIN,UTA,8.689383,40.0,0.7992216165768757,1,-31.310617446899414
2025-11-07,SAC,OKC,-5.6390624,-31.0,0.28977086116107764,0,25.36093759536743
2025-11-07,SAS,HOU,-1.3142184,11.0,0.4479556350614747,1,-12.314218401908875
2025-11-07,BRK,DET,-9.316361,-18.0,0.18525928477034595,0,8.683638572692871
2025-11-07,ATL,TOR,2.5041203,-12.0,0.5982321903332982,0,14.504120349884033
2025-11-07,DEN,GSW,5.94782,25.0,0.7202261035439149,1,-19.05217981338501
2025-11-08,ATL,LAL,-0.976458,20.0,0.46126846819740985,1,-20.97645801305771
2025-11-08,PHI,TOR,2.6212265,10.0,0.6026986228223427,1,-7.37877345085144
2025-11-08,CLE,CHI,7.1403975,6.0,0.7567934306082437,1,1.140397548675537
2025-11-08,WAS,DAL,-3.5137913,-6.0,0.3638663759852545,0,2.48620867729187
2025-11-08,MIA,POR,0.6476516,5.0,0.525718168626248,1,-4.3523483872413635
2025-11-08,SAS,NOP,10.176263,7.0,0.8344943335084125,1,3.176262855529785
2025-11-08,DEN,IND,12.165237,17.0,0.8736945175203099,1,-4.8347625732421875
2025-11-08,LAC,PHX,3.8481197,-11.0,0.6483452356374981,0,14.848119735717773
2025-11-09,MIL,HOU,-2.612412,-7.0,0.3976369803218196,0,4.387588024139404
2025-11-09,NYK,BRK,11.601772,36.0,0.8634738884009083,1,-24.39822769165039
2025-11-09,ORL,BOS,3.4592829,-4.0,0.6341254283172566,0,7.459282875061035
2025-11-09,MEM,OKC,-9.317513,-14.0,0.18523164188249658,0,4.682486534118652
2025-11-09,PHI,DET,-0.89018315,-3.0,0.46467864130291625,0,2.10981684923172
2025-11-09,GSW,IND,9.509309,31.0,0.8193260788267271,1,-21.49069118499756
2025-11-09,SAC,MIN,-3.1346707,-27.0,0.37792864081494054,0,23.865329265594482
2025-11-10,MIA,CLE,-0.8958466,2.0,0.4644546779899817,1,-2.8958466053009033
2025-11-10,DET,WAS,14.724772,2.0,0.912211534883771,1,12.724772453308105
2025-11-10,CHO,LAL,-6.318555,-10.0,0.2680531208871387,0,3.6814451217651367
2025-11-10,ORL,POR,1.7747335,3.0,0.5700724700581276,1,-1.225266456604004
2025-11-10,UTA,MIN,-10.046957,-7.0,0.16836442608244717,0,-3.046957015991211
2025-11-10,CHI,SAS,-1.1814139,-4.0,0.4531823061111724,0,2.8185861110687256
2025-11-10,PHX,NOP,3.9795444,23.0,0.6530940147183135,1,-19.020455598831177
2025-11-10,LAC,ATL,-2.9126267,-3.0,0.3862627899403482,0,0.08737325668334961
2025-11-10,DAL,MIL,-0.8397857,-2.0,0.4666722435593972,0,1.1602143049240112
2025-11-11,SAC,DEN,-9.162479,-14.0,0.1889803256704556,0,4.837520599365234
2025-11-11,UTA,IND,-1.3491235,24.0,0.4465837646970713,1,-25.34912347793579
2025-11-11,OKC,GSW,10.9931,24.0,0.8516600916430046,1,-13.0068998336792
2025-11-11,BRK,TOR,-9.36506,-10.0,0.18409355683706521,0,0.6349401473999023
2025-11-11,NYK,MEM,9.020641,13.0,0.8075393407695373,1,-3.979358673095703
2025-11-11,PHI,BOS,3.462854,2.0,0.6342571357426662,1,1.4628539085388184
2025-11-12,DET,CHI,4.094815,11.0,0.6572341866984426,1,-6.905185222625732
2025-11-12,NYK,ORL,3.7653003,-17.0,0.6453374971958908,0,20.765300273895264
2025-11-12,BOS,MEM,6.6699324,36.0,0.7427640553381546,1,-29.33006763458252
2025-11-12,HOU,WAS,13.406254,23.0,0.8939106277157238,1,-9.593746185302734
2025-11-12,MIA,CLE,-0.9730833,-14.0,0.4614017932699707,0,13.026916682720184
2025-11-12,CHO,MIL,-3.158624,11.0,0.3770337847162095,1,-14.158623933792114
2025-11-12,NOP,POR,-5.0436974,-8.0,0.3096307503900017,0,2.9563026428222656
2025-11-12,SAC,ATL,-5.1310005,-33.0,0.3066717530293531,0,27.868999481201172
2025-11-12,LAC,DEN,-2.9462123,-14.0,0.3849977766138203,0,11.05378770828247
2025-11-12,SAS,GSW,4.253711,-5.0,0.6629021792816849,0,9.253711223602295
2025-11-12,DAL,PHX,-1.0452014,-9.0,0.45855383516695614,0,7.954798579216003
2025-11-12,OKC,LAL,8.52625,29.0,0.7950276401586422,1,-20.473750114440918
2025-11-13,CLE,TOR,4.451378,-13.0,0.6698881647830749,0,17.451377868652344
2025-11-13,PHX,IND,5.4475193,35.0,0.703922221144415,1,-29.552480697631836
2025-11-13,UTA,ATL,-9.3641815,-10.0,0.18411453173465403,0,0.6358184814453125
2025-11-14,NYK,MIA,4.083517,8.0,0.6568294502061253,1,-3.916482925415039
2025-11-14,HOU,POR,6.3572893,24.0,0.733153354451695,1,-17.64271068572998
2025-11-14,ORL,BRK,12.915634,7.0,0.8862831906417403,1,5.9156341552734375
2025-11-14,DET,PHI,2.352676,9.0,0.592431928540522,1,-6.647324085235596
2025-11-14,SAS,GSW,3.3153563,-1.0,0.6288005899202135,0,4.315356254577637
2025-11-14,MIN,SAC,11.432294,14.0,0.8602663714225194,1,-2.5677061080932617
2025-11-14,NOP,LAL,-7.6067123,-14.0,0.22982248497832303,0,6.393287658691406
2025-11-14,DAL,LAC,-2.6660023,-6.0,0.39559809852066663,0,3.3339977264404297
2025-11-14,MIL,CHO,6.1717224,13.0,0.7273421661299682,1,-6.828277587890625
2025-11-15,MIL,LAL,0.6506579,-24.0,0.5258373354879138,0,24.650657892227173
2025-11-15,IND,TOR,-6.725564,-18.0,0.25554973291709104,0,11.274435997009277
2025-11-15,MIN,DEN,-4.8368464,-11.0,0.3167039052935165,0,6.163153648376465
2025-11-15,CLE,MEM,10.132417,8.0,0.8335293462189275,1,2.1324167251586914
2025-11-15,CHO,OKC,-13.164344,-13.0,0.10979223029304035,0,-0.16434383392333984
2025-11-16,UTA,CHI,-7.05924,3.0,0.24558921581998802,1,-10.059239864349365
2025-11-16,NOP,GSW,-7.683346,-18.0,0.22767311473095392,0,10.316654205322266
2025-11-16,PHX,ATL,-2.4473455,-2.0,0.4039391367860723,0,-0.447345495223999
2025-11-16,DAL,POR,-1.6089058,5.0,0.436400482001145,1,-6.608905792236328
2025-11-16,HOU,ORL,6.5362377,4.0,0.7386820942581399,1,2.5362377166748047
2025-11-16,SAS,SAC,10.794198,13.0,0.8476206106258309,1,-2.2058019638061523
2025-11-16,BOS,LAC,2.9829788,3.0,0.6163852689599316,1,-0.01702117919921875
2025-11-16,WAS,BRK,-5.2390137,-23.0,0.30303275926779144,0,17.760986328125
2025-11-17,DEN,CHI,11.145724,-3.0,0.8546994254610559,0,14.145724296569824
2025-11-17,TOR,CHO,8.382614,2.0,0.791281372131329,1,6.3826141357421875
2025-11-17,MIN,DAL,12.303793,24.0,0.876105366363239,1,-11.696207046508789
2025-11-17,NOP,OKC,-14.393303,-17.0,0.09210121019086746,0,2.6066970825195312
2025-11-17,MIA,NYK,-0.81402117,2.0,0.4676918416252042,1,-2.8140211701393127
2025-11-17,PHI,LAC,4.862397,2.0,0.6841744814370815,1,2.8623971939086914
2025-11-17,DET,IND,12.519263,15.0,0.879775964309447,1,-2.48073673248291
2025-11-17,CLE,MIL,7.8063936,12.0,0.7757483150512988,1,-4.193606376647949
2025-11-18,ATL,DET,4.2003627,-8.0,0.6610043034059692,0,12.20036268234253
2025-11-18,BRK,BOS,-5.0579715,-14.0,0.30914587612094285,0,8.942028522491455
2025-11-18,ORL,GSW,3.6429656,8.0,0.6408736478664662,1,-4.35703444480896
2025-11-18,POR,PHX,3.0691595,-17.0,0.6196197212336048,0,20.069159507751465
2025-11-18,LAL,UTA,10.316131,14.0,0.8375426491823663,1,-3.6838693618774414
2025-11-18,SAS,MEM,9.285317,10.0,0.8139946214006197,1,-0.7146825790405273
2025-11-19,NOP,DEN,-12.050756,-7.0,0.12832761183307073,0,-5.050756454467773
2025-11-19,IND,CHO,-1.9095677,9.0,0.4246818853804993,1,-10.909567713737488
2025-11-19,MIA,GSW,1.1742054,14.0,0.5465336904047428,1,-12.825794577598572
2025-11-19,MIN,WAS,14.849709,11.0,0.913789173530439,1,3.8497085571289062
2025-11-19,POR,CHI,-1.1952682,-1.0,0.45263655319193136,0,-0.1952681541442871
2025-11-19,OKC,SAC,13.777469,14.0,0.8993786435776692,1,-0.22253131866455078
2025-11-19,CLE,HOU,0.012442978,-10.0,0.5004945454686801,0,10.012442978098989
2025-11-19,PHI,TOR,1.4594687,-9.0,0.5577476779913201,0,10.459468722343445
2025-11-19,DAL,NYK,-6.6495595,-2.0,0.257855268720368,0,-4.649559497833252
2025-11-20,ORL,LAC,5.1997437,28.0,0.6956470490380489,1,-22.80025625228882
2025-11-20,MEM,SAC,4.4336214,41.0,0.6692636109150015,1,-36.566378593444824
2025-11-20,MIL,PHI,0.72407174,-9.0,0.5287464640700301,0,9.724071741104126
2025-11-20,SAS,ATL,2.5922217,9.0,0.6015939407771491,1,-6.407778263092041
2025-11-21,GSW,POR,3.8306394,-4.0,0.6477113741649061,0,7.830639362335205
2025-11-21,CHI,MIA,0.66210186,-36.0,0.5262909396919684,0,36.66210186481476
2025-11-21,CLE,IND,11.173773,11.0,0.855252324154651,1,0.17377281188964844
2025-11-21,UTA,OKC,-12.743565,-32.0,0.11650311954637099,0,19.25643539428711
2025-11-21,DAL,NOP,2.4431064,3.0,0.5958985893730778,1,-0.5568935871124268
2025-11-21,BOS,BRK,13.742514,-8.0,0.8988746230772363,0,21.74251365661621
2025-11-21,PHX,MIN,-1.7180755,1.0,0.43213655213374086,1,-2.7180755138397217
2025-11-21,TOR,WAS,11.859051,30.0,0.8682244136930434,1,-18.140949249267578
2025-11-21,HOU,DEN,4.1932855,-3.0,0.660752140240361,0,7.1932854652404785
2025-11-22,CHO,LAC,-1.6937876,-15.0,0.43308433943027036,0,13.306212425231934
2025-11-22,ORL,NYK,1.8315381,12.0,0.5722844067330238,1,-10.168461918830872
2025-11-22,NOP,ATL,-6.195348,-17.0,0.2719136054204647,0,10.804652214050293
2025-11-22,CHI,WAS,15.383634,1.0,0.9202455082412699,1,14.383633613586426
2025-11-22,MIL,DET,-2.5112915,-13.0,0.4014938243381655,0,10.48870849609375
2025-11-22,DAL,MEM,-2.9475446,-6.0,0.38494762754848105,0,3.052455425262451
2025-11-22,DEN,SAC,12.48337,-5.0,0.8791710950463119,0,17.483369827270508
2025-11-23,PHI,MIA,-0.09995268,-10.0,0.496027468504885,0,9.900047317147255
2025-11-23,BOS,ORL,-1.0419418,9.0,0.45868250273680283,1,-10.04194176197052
2025-11-23,CLE,LAC,10.5875025,15.0,0.8433277098230199,1,-4.412497520446777
2025-11-23,ATL,CHO,11.048759,3.0,0.8527745193066597,1,8.048759460449219
2025-11-23,OKC,POR,12.504081,27.0,0.8795204315150111,1,-14.495919227600098
2025-11-23,UTA,LAL,-10.770403,-2.0,0.15286863704956818,0,-8.770402908325195
2025-11-23,PHX,SAS,-0.26925838,9.0,0.48929997111055845,1,-9.269258379936218
2025-11-23,TOR,BRK,11.443994,10.0,0.8604898102851375,1,1.4439935684204102
2025-11-24,MEM,DEN,-6.4602213,-10.0,0.263657418616529,0,3.539778709411621
2025-11-24,IND,DET,-10.166679,-5.0,0.16571620062491751,0,-5.166679382324219
2025-11-24,TOR,CLE,0.07188964,11.0,0.5028572195082209,1,-10.928110361099243
2025-11-24,BRK,NYK,-9.258095,-13.0,0.1866615375989226,0,3.7419052124023438
2025-11-24,MIA,DAL,9.0722885,4.0,0.8088122476434689,1,5.072288513183594
2025-11-24,SAC,MIN,-8.379407,5.0,0.20880284988344944,1,-13.379406929016113
2025-11-24,PHX,HOU,-8.072896,-22.0,0.2169673318232877,0,13.927103996276855
2025-11-24,GSW,UTA,11.3147955,17.0,0.8580057507171763,1,-5.68520450592041
2025-11-24,MIL,POR,3.7138186,-12.0,0.6434620201129039,0,15.713818550109863
2025-11-24,NOP,CHI,-4.6477137,13.0,0.32324632303935735,1,-17.647713661193848
2025-11-25,WAS,ATL,-9.531004,19.0,0.1801639117771184,1,-28.531003952026367
2025-11-25,PHI,ORL,-0.2439074,-41.0,0.4903071250823801,0,40.756092593073845
2025-11-25,LAL,LAC,4.3073254,17.0,0.6648042275187379,1,-12.69267463684082
2025-11-26,POR,SAS,-2.408708,-13.0,0.40541896540913575,0,10.591291904449463
2025-11-26,BOS,DET,0.29759386,3.0,0.5118256494858073,1,-2.7024061381816864
2025-11-26,NOP,MEM,-6.107629,-5.0,0.274683261915522,0,-1.1076288223266602
2025-11-26,GSW,HOU,-3.333557,-4.0,0.37052428121945025,0,0.6664431095123291
2025-11-26,TOR,IND,10.398284,2.0,0.8393119305115541,1,8.398283958435059
2025-11-26,SAC,PHX,-4.081854,-12.0,0.343230152945611,0,7.918146133422852
2025-11-26,CHO,NYK,-6.4219575,-28.0,0.26484011564534327,0,21.57804250717163
2025-11-26,MIA,MIL,7.6371317,3.0,0.7710323993935064,1,4.637131690979004
2025-11-26,OKC,MIN,10.011305,8.0,0.8308404639129444,1,2.0113048553466797
2025-11-28,CHO,CHI,-2.456392,7.0,0.40359290120261043,1,-9.456392049789429
2025-11-28,DET,ORL,-0.8317837,-3.0,0.4669888823872833,0,2.168216288089752
2025-11-28,IND,WAS,2.1003377,33.0,0.5827107590927232,1,-30.899662256240845
2025-11-28,NYK,MIL,7.956515,9.0,0.7798728159302325,1,-1.043485164642334
2025-11-28,ATL,CLE,-0.38845384,7.0,0.48456582375327156,1,-7.388453841209412
2025-11-28,LAL,DAL,7.910491,10.0,0.778614149344466,1,-2.0895090103149414
2025-11-28,UTA,SAC,-0.6566391,9.0,0.4739255823281529,1,-9.656639099121094
2025-11-28,BRK,PHI,-8.358739,-12.0,0.20934619727394568,0,3.641261100769043
2025-11-28,OKC,PHX,12.343198,4.0,0.8767837529862819,1,8.3431978225708
2025-11-28,LAC,MEM,1.8572502,-5.0,0.5732846789499717,0,6.857250213623047
2025-11-28,DEN,SAS,4.7489877,-3.0,0.6802657273275534,0,7.748987674713135
2025-11-29,PHX,DEN,-1.208679,-18.0,0.45210837760776906,0,16.79132103919983
2025-11-29,GSW,NOP,9.703477,8.0,0.8238506561200124,1,1.703476905822754
2025-11-29,MIL,BRK,8.039628,17.0,0.7821327724199624,1,-8.960371971130371
2025-11-29,LAC,DAL,5.841167,-4.0,0.7167967970333027,0,9.841166973114014
2025-11-29,MIA,DET,2.5958104,-3.0,0.6017306760409368,0,5.595810413360596
2025-11-29,IND,CHI,-0.24571468,2.0,0.49023532231181466,1,-2.2457146793603897
2025-11-29,CHO,TOR,-7.73154,7.0,0.22632866606341015,1,-14.731540203094482
2025-11-29,MIN,BOS,3.548515,4.0,0.6374104498864649,1,-0.45148491859436035
2025-11-30,SAC,MEM,-3.1525536,-8.0,0.3772604859298242,0,4.847446441650391
2025-11-30,MIN,SAS,0.31551024,13.0,0.5125373125113546,1,-12.684489756822586
2025-11-30,POR,OKC,-6.095344,-8.0,0.2750725395556605,0,1.904655933380127
2025-11-30,LAL,NOP,11.239679,12.0,0.8565446105729658,1,-0.7603206634521484
2025-11-30,NYK,TOR,7.0310783,22.0,0.75358034159402,1,-14.968921661376953
2025-11-30,CLE,BOS,5.9888597,-2.0,0.7215388917740801,0,7.9888596534729
2025-11-30,UTA,HOU,-11.837181,-28.0,0.1321738832011118,0,16.162818908691406
2025-11-30,PHI,ATL,-0.066933334,-8.0,0.49733976262281177,0,7.933066666126251
2025-12-01,WAS,MIL,-5.2163854,3.0,0.3037930915148652,1,-8.21638536453247
2025-12-01,BRK,CHO,-3.3884695,13.0,0.36849044463120934,1,-16.388469457626343
2025-12-01,DET,ATL,4.1411366,1.0,0.6588912580076898,1,3.141136646270752
2025-12-01,UTA,HOU,-13.925368,8.0,0.0985133945151771,1,-21.925368309020996
2025-12-01,IND,CLE,-6.8644433,-16.0,0.25137205038926336,0,9.135556697845459
2025-12-01,ORL,CHI,9.108809,5.0,0.8097084637871026,1,4.108809471130371
2025-12-01,MIA,LAC,6.3316193,17.0,0.7323541863070144,1,-10.668380737304688
2025-12-01,DEN,DAL,11.500497,-10.0,0.8615646915123955,0,21.500496864318848
2025-12-01,LAL,PHX,3.0595956,-17.0,0.6192612946395568,0,20.059595584869385
2025-12-02,PHI,WAS,12.059069,19.0,0.8718201354201153,1,-6.94093132019043
2025-12-02,TOR,POR,3.480824,3.0,0.6349196062396464,1,0.48082399368286133
2025-12-02,BOS,NYK,-2.2903154,6.0,0.40996406143547526,1,-8.290315389633179
2025-12-02,NOP,MIN,-7.207951,-7.0,0.24123531614758836,0,-0.20795106887817383
2025-12-02,SAS,MEM,6.4481845,7.0,0.7359709012726744,1,-0.5518155097961426
2025-12-02,GSW,OKC,-6.052141,-12.0,0.2764442619409827,0,5.947858810424805
2025-12-03,CLE,POR,9.183259,-12.0,0.811525476866778,0,21.18325901031494
2025-12-03,IND,DEN,-8.525223,-15.0,0.20499897053920113,0,6.4747772216796875
2025-12-03,ORL,SAS,6.9176774,-2.0,0.7502172262822652,0,8.917677402496338
2025-12-03,ATL,LAC,4.2241664,-23.0,0.6618517651727663,0,27.22416639328003
2025-12-03,HOU,SAC,10.505462,26.0,0.8415966848217739,1,-15.494538307189941
2025-12-03,CHI,BRK,3.0172915,-10.0,0.6176743138589591,0,13.01729154586792
2025-12-03,MIL,DET,-3.6702552,4.0,0.3581284376848988,1,-7.670255184173584
2025-12-03,DAL,MIA,-2.6494648,10.0,0.3962268933732343,1,-12.649464845657349
2025-12-03,NYK,CHO,10.07119,15.0,0.8321743088217839,1,-4.928810119628906
2025-12-04,NOP,MIN,-6.7989883,-9.0,0.2533353598270358,0,2.2010116577148438
2025-12-04,TOR,LAL,0.6115441,-3.0,0.5242866654104945,0,3.6115440726280212
2025-12-04,PHI,GSW,-0.84751374,1.0,0.4663664701489232,1,-1.847513735294342
2025-12-04,WAS,BOS,-8.933759,-45.0,0.19461652782590746,0,36.06624126434326
2025-12-04,BRK,UTA,-0.5934746,-13.0,0.47642985901932045,0,12.406525373458862
2025-12-05,ATL,DEN,-2.0597486,-1.0,0.41885914077287395,0,-1.059748649597168
2025-12-05,CLE,SAS,2.7843075,13.0,0.6088899875155118,1,-10.215692520141602
2025-12-05,DET,POR,4.2596297,6.0,0.66311240830755,1,-1.740370273590088
2025-12-05,NYK,UTA,13.348526,34.0,0.8930371276671314,1,-20.651473999023438
2025-12-05,BOS,LAL,2.3911724,21.0,0.5939088413280579,1,-18.608827590942383
2025-12-05,ORL,MIA,3.9614577,1.0,0.6524422676271475,1,2.9614577293395996
2025-12-05,MEM,LAC,0.8216463,9.0,0.5326099405552039,1,-8.178353726863861
2025-12-05,MIL,PHI,1.4727002,-15.0,0.5582664859213109,0,16.472700238227844
2025-12-05,OKC,DAL,13.90814,21.0,0.9012430980659556,1,-7.091859817504883
2025-12-05,TOR,CHO,6.5454097,-25.0,0.738963465589127,0,31.545409679412842
2025-12-05,HOU,PHX,7.775272,19.0,0.774886420057547,1,-11.224728107452393
2025-12-05,CHI,IND,-0.22772934,-15.0,0.49094989586607374,0,14.772270664572716
2025-12-06,WAS,ATL,-6.7592382,-15.0,0.2545325901007839,0,8.240761756896973
2025-12-06,CLE,GSW,3.1303918,-5.0,0.621911418098523,0,8.130391836166382
2025-12-06,BRK,NOP,0.26743066,18.0,0.510627419404973,1,-17.732569336891174
2025-12-06,MIN,LAC,6.6162663,3.0,0.7411305426030783,1,3.6162662506103516
2025-12-06,DET,MIL,6.9322457,12.0,0.7506509862539061,1,-5.06775426864624
2025-12-06,MIA,SAC,10.67165,-16.0,0.8450871519583921,0,26.671649932861328
2025-12-06,DAL,HOU,-6.916854,13.0,0.249807307708315,1,-19.91685390472412
2025-12-07,UTA,OKC,-12.830582,-30.0,0.1150867253203309,0,17.169418334960938
2025-12-07,TOR,BOS,-0.4888342,-8.0,0.4805810781700571,0,7.511165797710419
2025-12-07,MEM,POR,1.5875115,23.0,0.5627627818772312,1,-21.41248846054077
2025-12-07,PHI,LAL,0.27493715,-4.0,0.5109256259174925,0,4.274937152862549
2025-12-07,CHI,GSW,-4.5317955,-32.0,0.327290799728877,0,27.468204498291016
2025-12-07,NYK,ORL,2.426876,6.0,0.5952770913815199,1,-3.5731239318847656
2025-12-07,CHO,DEN,-6.2649736,-9.0,0.2697277224564627,0,2.7350263595581055
2025-12-08,NOP,SAS,-7.8385634,-3.0,0.22336323246312134,0,-4.838563442230225
2025-12-08,IND,SAC,1.5006378,11.0,0.559361497898078,1,-9.499362230300903
2025-12-08,MIN,PHX,5.4858394,-3.0,0.7051903348771662,0,8.485839366912842
2025-12-09,TOR,NYK,-3.731359,-16.0,0.3558984842235093,0,12.268640995025635
2025-12-09,ORL,MIA,4.6722984,9.0,0.6776080979678938,1,-4.327701568603516
2025-12-10,LAL,SAS,1.585654,-13.0,0.5626901167799181,0,14.585654020309448
2025-12-10,OKC,PHX,11.022013,49.0,0.8522398545721372,1,-37.97798728942871
2025-12-11,MIL,BOS,-2.7938418,15.0,0.3907491019730612,1,-17.79384183883667
2025-12-11,HOU,LAC,8.513619,2.0,0.7947002270807795,1,6.513619422912598
2025-12-11,SAC,DEN,-8.302025,-31.0,0.21084250481009148,0,22.697975158691406
2025-12-11,NOP,POR,-5.7756114,23.0,0.2853236347025509,1,-28.775611400604248
2025-12-12,WAS,CLE,-13.059688,-4.0,0.11142900445544113,0,-9.059687614440918
2025-12-12,GSW,MIN,2.8215637,-7.0,0.6102995928795572,0,9.821563720703125
2025-12-12,DAL,BRK,5.760374,8.0,0.7141821413332545,1,-2.239625930786133
2025-12-12,MEM,UTA,8.551025,-4.0,0.7956687569125328,0,12.551025390625
2025-12-12,PHI,IND,8.207891,10.0,0.7866566731462687,1,-1.7921085357666016
2025-12-12,DET,ATL,3.6410668,27.0,0.6408041691920958,1,-23.358933210372925
2025-12-12,CHO,CHI,1.8696017,-3.0,0.5737649740095329,0,4.869601726531982
2025-12-13,ORL,NYK,1.5978042,-12.0,0.5631653755923016,0,13.597804188728333
2025-12-13,OKC,SAS,10.83296,-2.0,0.8484148405837069,0,12.83296012878418
2025-12-14,ATL,PHI,1.9740341,3.0,0.5778202340031199,1,-1.025965929031372
2025-12-14,IND,WAS,9.297206,-19.0,0.8142806164273892,0,28.297205924987793
2025-12-14,CLE,CHO,10.445161,-8.0,0.8403144877533769,0,18.44516086578369
2025-12-14,BRK,MIL,-5.345986,45.0,0.29945301331183544,1,-50.345985889434814
2025-12-14,POR,GSW,-3.3870451,5.0,0.36854313926913285,1,-8.38704514503479
2025-12-14,CHI,NOP,-5.3575,-10.0,0.29906914547156,0,4.642499923706055
2025-12-14,PHX,LAL,-0.27529758,-2.0,0.4890600556849293,0,1.7247024178504944
2025-12-14,MIN,SAC,10.813975,14.0,0.8480262703971629,1,-3.1860246658325195
2025-12-15,MIA,TOR,3.498859,-10.0,0.635583954168708,0,13.49885892868042
2025-12-15,BOS,DET,1.5365809,-7.0,0.5607694397058279,0,8.536580920219421
2025-12-15,UTA,DAL,-6.5135565,7.0,0.2620145466184242,1,-13.513556480407715
2025-12-15,DEN,HOU,0.9053039,3.0,0.535919281895383,1,-2.0946961045265198
2025-12-15,LAC,MEM,1.8492703,-18.0,0.5729743039565256,0,19.849270343780518
2025-12-16,NYK,SAS,6.0443053,11.0,0.7233064913400136,1,-4.955694675445557
2025-12-17,CHI,CLE,-10.886075,16.0,0.15050236793089133,1,-26.886075019836426
2025-12-17,MIN,MEM,6.246267,-6.0,0.7296860731190418,0,12.246266841888428
2025-12-18,OKC,LAC,11.899337,21.0,0.8689554506241585,1,-9.100663185119629
2025-12-18,MIL,TOR,-1.3674933,-6.0,0.44586210395523423,0,4.632506728172302
2025-12-18,UTA,LAL,-8.618767,-8.0,0.20258590983285008,0,-0.6187667846679688
2025-12-18,IND,NYK,-10.393511,-1.0,0.1607904376815247,0,-9.393510818481445
2025-12-18,BRK,MIA,-5.603786,-11.0,0.2909264167466883,0,5.396214008331299
2025-12-18,SAS,WAS,12.969339,25.0,0.8871408662195811,1,-12.030660629272461
2025-12-18,NOP,HOU,-7.677552,5.0,0.2278351129392757,1,-12.677552223205566
2025-12-18,PHX,GSW,-2.2089443,1.0,0.4130968880996273,1,-3.208944320678711
2025-12-18,POR,SAC,4.714018,1.0,0.679055303736511,1,3.714017868041992
2025-12-18,DAL,DET,-4.1507545,2.0,0.3407651689949223,1,-6.150754451751709
2025-12-18,DEN,ORL,3.1065986,11.0,0.6210215673968738,1,-7.893401384353638
2025-12-18,CHO,ATL,-1.8504411,7.0,0.4269801562466253,1,-8.850441098213196
2025-12-19,BOS,MIA,5.1571407,13.0,0.6942111528463173,1,-7.842859268188477
2025-12-19,MIN,OKC,-5.1002893,5.0,0.30771086029099837,1,-10.100289344787598
2025-12-19,ATL,SAS,0.8225169,-28.0,0.5326443969579306,0,28.822516918182373
2025-12-19,CLE,CHI,8.158503,-11.0,0.7853359496297481,0,19.15850257873535
2025-12-19,NYK,PHI,7.412589,-9.0,0.764669379745489,0,16.412589073181152
2025-12-20,DEN,HOU,2.1124928,-14.0,0.5831805662926215,0,16.11249279975891
2025-12-20,PHI,DAL,1.5854275,7.0,0.5626812561360014,1,-5.414572477340698
2025-12-20,DET,CHO,8.771761,26.0,0.8013149322881672,1,-17.228239059448242
2025-12-20,NOP,IND,-0.05496934,19.0,0.4978152598251077,1,-19.05496934056282
2025-12-20,TOR,BOS,2.2300155,-16.0,0.5877150496238882,0,18.230015516281128
2025-12-20,MEM,WAS,13.532269,-8.0,0.895795582952057,0,21.532268524169922
2025-12-20,UTA,ORL,-9.273943,-1.0,0.1862793258279088,0,-8.273942947387695
2025-12-20,GSW,PHX,4.062422,3.0,0.6560731086975027,1,1.0624217987060547
2025-12-20,SAC,POR,-3.197626,-5.0,0.37557851573440537,0,1.8023738861083984
2025-12-20,LAC,LAL,-1.2276399,15.0,0.45136179757140743,1,-16.22763991355896
2025-12-21,SAC,HOU,-9.77079,1.0,0.17460172116231723,1,-10.770790100097656
2025-12-21,NYK,MIA,6.5207295,7.0,0.7382058992071835,1,-0.47927045822143555
2025-12-21,WAS,SAS,-7.4922376,-11.0,0.23305964239392263,0,3.5077624320983887
2025-12-21,ATL,CHI,5.7628055,-2.0,0.7142610381560136,0,7.762805461883545
2025-12-21,MIN,MIL,8.30078,3.0,0.7891245721960944,1,5.300780296325684
2025-12-21,BRK,TOR,-3.9900644,15.0,0.346527165014994,1,-18.9900643825531
2025-12-22,DEN,UTA,11.259148,23.0,0.8569245004639034,1,-11.740852355957031
2025-12-22,BOS,IND,10.906876,8.0,0.8499199321398857,1,2.9068756103515625
2025-12-22,OKC,MEM,13.128452,16.0,0.8896488313834056,1,-2.8715476989746094
2025-12-22,POR,DET,-3.9485235,-8.0,0.3480241628375522,0,4.05147647857666
2025-12-22,NOP,DAL,-4.357503,6.0,0.33342047512444173,1,-10.357502937316895
2025-12-22,GSW,ORL,0.32529998,23.0,0.5129261528088024,1,-22.674700021743774
2025-12-22,CLE,CHO,7.601131,7.0,0.7700204169031472,1,0.6011309623718262
2025-12-23,DAL,DEN,-5.8274317,1.0,0.2836466887311528,1,-6.827431678771973
2025-12-23,CLE,NOP,8.168591,23.0,0.7856061971279737,1,-14.831409454345703
2025-12-23,MIN,NYK,0.72492397,11.0,0.5287802237115038,1,-10.275076031684875
2025-12-23,MIA,TOR,3.465437,-21.0,0.6343523908398089,0,24.465436935424805
2025-12-23,CHO,WAS,6.9631677,17.0,0.751569993079545,1,-10.036832332611084
2025-12-23,ATL,CHI,2.6933565,-3.0,0.6054412205168056,0,5.693356513977051
2025-12-23,IND,MIL,-3.9908967,-17.0,0.34649720183029215,0,13.009103298187256
2025-12-23,LAC,HOU,-3.0569074,20.0,0.3808394731572993,1,-23.056907415390015
2025-12-23,PHX,LAL,0.017543754,24.0,0.5006972752814385,1,-23.98245624639094
2025-12-23,SAC,DET,-6.241974,-9.0,0.27044856620160007,0,2.758026123046875
2025-12-23,UTA,MEM,-3.5652573,-9.0,0.36197461299482153,0,5.43474268913269
2025-12-23,PHI,BRK,6.8341184,-8.0,0.7477196168539239,0,14.834118366241455
2025-12-23,SAS,OKC,-1.1870911,20.0,0.4529586529114149,1,-21.18709111213684
2025-12-23,POR,ORL,-1.9818789,-4.0,0.4218755569175774,0,2.018121123313904
2025-12-25,DEN,MIN,4.6223655,4.0,0.6758714872249646,1,0.6223654747009277
2025-12-25,NYK,CLE,5.122787,2.0,0.6930505356380962,1,3.1227869987487793
2025-12-25,OKC,SAS,8.946423,-15.0,0.8056988439568589,0,23.946422576904297
2025-12-25,GSW,DAL,6.6604476,10.0,0.7424758445788643,1,-3.339552402496338
2025-12-25,LAL,HOU,-2.9155378,-23.0,0.3861530814490451,0,20.08446216583252
2025-12-26,WAS,TOR,-5.9764614,21.0,0.27885730962186916,1,-26.97646141052246
2025-12-26,IND,BOS,-7.3843327,-18.0,0.23613995311244823,0,10.615667343139648
2025-12-26,ORL,CHO,7.986921,-15.0,0.7807015415211429,0,22.986920833587646
2025-12-26,CHI,PHI,-3.5508742,7.0,0.36250287189175745,1,-10.55087423324585
2025-12-26,ATL,MIA,1.7868785,-15.0,0.5705456248376061,0,16.78687846660614
2025-12-26,NOP,PHX,-3.3372521,-7.0,0.3703872724367557,0,3.662747859954834
2025-12-26,POR,LAC,-1.0994135,-16.0,0.4564147601323747,0,14.900586485862732
2025-12-26,MEM,MIL,2.7419083,21.0,0.6072835850508975,1,-18.258091688156128
2025-12-26,UTA,DET,-9.828695,2.0,0.17327899608194222,1,-11.828695297241211
2025-12-27,MIA,IND,10.544837,26.0,0.8424294166025609,1,-15.45516300201416
2025-12-27,HOU,CLE,4.392143,17.0,0.6678023455133519,1,-12.60785722732544
2025-12-27,SAS,UTA,16.23949,-13.0,0.9296778571554136,0,29.239490509033203
2025-12-27,ATL,NYK,-4.694144,-3.0,0.32163368188566,0,-1.6941437721252441
2025-12-27,MIN,BRK,10.448754,-16.0,0.8403911313600317,0,26.44875431060791
2025-12-27,CHI,MIL,1.1029361,-9.0,0.5437241795599078,0,10.102936148643494
2025-12-27,SAC,DAL,-3.319307,6.0,0.3710528161772843,1,-9.319307088851929
2025-12-27,NOP,PHX,-1.9423823,-9.0,0.4234077674795322,0,7.057617664337158
2025-12-27,ORL,DEN,-2.5694022,1.0,0.3992758955029753,1,-3.5694022178649902
2025-12-28,TOR,GSW,-0.90106916,14.0,0.46424816275029457,1,-14.901069164276123
2025-12-28,WAS,MEM,-6.5665097,4.0,0.2603899856936452,1,-10.56650972366333
2025-12-28,OKC,PHI,12.787054,25.0,0.8842066491669167,1,-12.212945938110352
2025-12-28,LAL,SAC,8.634864,24.0,0.7978271864673971,1,-15.36513614654541
2025-12-28,POR,BOS,-2.6541743,6.0,0.39604779190985345,1,-8.654174327850342
2025-12-28,LAC,DET,0.43126705,13.0,0.5171339789887622,1,-12.56873294711113
2025-12-29,NOP,NYK,-7.189846,-5.0,0.24176256125411258,0,-2.1898460388183594
2025-12-29,POR,DAL,-1.4177148,3.0,0.4438903139250856,1,-4.417714834213257
2025-12-29,SAS,CLE,6.5902166,-12.0,0.7403352038845085,0,18.590216636657715
2025-12-29,OKC,ATL,9.544984,11.0,0.8201641325295168,1,-1.4550161361694336
2025-12-29,CHO,MIL,0.26759332,-10.0,0.5106338814399957,0,10.267593324184418
2025-12-29,BRK,GSW,-2.302826,-13.0,0.40948304008009406,0,10.697174072265625
2025-12-29,CHI,MIN,-5.026441,-35.0,0.3102174838039152,0,29.97355890274048
2025-12-29,TOR,ORL,-3.53337,1.0,0.36314621148127957,1,-4.533370018005371
2025-12-29,MIA,DEN,-2.3644195,24.0,0.4071173535613022,1,-26.36441946029663
2025-12-29,WAS,PHX,-2.534796,-14.0,0.40059622994982924,0,11.465204000473022
2025-12-29,HOU,IND,14.346919,7.0,0.9072803207667307,1,7.346919059753418
2025-12-30,LAL,DET,-0.48606497,-22.0,0.48069097608997347,0,21.513935029506683
2025-12-30,LAC,SAC,10.024186,41.0,0.8311280850780562,1,-30.97581386566162
2025-12-30,MEM,PHI,1.5128312,-3.0,0.5598392396760751,0,4.512831211090088
2025-12-30,UTA,BOS,-7.698828,-10.0,0.22724059821205406,0,2.3011717796325684
2025-12-31,ATL,MIN,-1.1402317,24.0,0.4548052303330952,1,-25.140231728553772
2025-12-31,CLE,PHX,3.4712512,16.0,0.6345667686613712,1,-12.528748750686646
2025-12-31,CHO,GSW,-5.285676,-7.0,0.30146826387154474,0,1.7143239974975586
2025-12-31,IND,ORL,-8.140217,-2.0,0.21515453987293578,0,-6.140216827392578
2025-12-31,MIL,WAS,8.643219,-1.0,0.7980413549393226,0,9.643218994140625
2025-12-31,CHI,NOP,1.8353895,16.0,0.5724342750943223,1,-14.164610505104065
2025-12-31,SAS,NYK,3.3641248,2.0,0.6306084556360699,1,1.3641247749328613
2025-12-31,TOR,DEN,-3.066494,-3.0,0.380480161209183,0,-0.06649398803710938
2025-12-31,OKC,POR,13.954497,29.0,0.9018971073112899,1,-15.045502662658691
2026-01-01,LAC,UTA,10.012294,17.0,0.8308625598488055,1,-6.987706184387207
2026-01-01,DAL,PHI,0.101589635,-15.0,0.5040375879139458,0,15.101589635014534
2026-01-01,SAC,BOS,-7.441602,-14.0,0.2345016126370214,0,6.5583977699279785
2026-01-01,BRK,HOU,-6.8930864,-24.0,0.2505160905794757,0,17.106913566589355
2026-01-01,DET,MIA,4.450168,-6.0,0.6698456333349216,0,10.450168132781982
2026-01-02,LAL,MEM,3.4017293,7.0,0.6319999745891631,1,-3.5982706546783447
2026-01-02,CLE,DEN,0.046667226,5.0,0.5018547783710079,1,-4.953332774341106
2026-01-02,IND,SAS,-9.7334,-10.0,0.17546003533943827,0,0.2665996551513672
2026-01-02,WAS,BRK,-1.6708443,20.0,0.4339801033867543,1,-21.670844316482544
2026-01-02,NYK,ATL,7.0635443,-12.0,0.7545375485251867,0,19.063544273376465
2026-01-02,CHI,ORL,-4.782176,7.0,0.318587753043275,1,-11.78217601776123
2026-01-02,PHX,SAC,7.479977,27.0,0.7665917775543227,1,-19.520022869110107
2026-01-02,NOP,POR,-1.3296903,-13.0,0.4473474442748589,0,11.670309662818909
2026-01-02,MIL,CHO,4.551647,1.0,0.6734036863356366,1,3.551647186279297
2026-01-02,GSW,OKC,-6.5398374,-37.0,0.2612074549199477,0,30.46016263961792
2026-01-03,MIA,MIN,4.3303957,-10.0,0.6656210455525222,0,14.330395698547363
2026-01-03,TOR,ATL,2.3327942,17.0,0.5916685125670695,1,-14.667205810546875
2026-01-03,CHI,CHO,3.4809294,-13.0,0.6349234896264884,0,16.480929374694824
2026-01-03,NYK,PHI,4.711926,-11.0,0.6789828199361452,0,15.711925983428955
2026-01-03,LAC,BOS,3.0340595,-31.0,0.6183036450883203,0,34.03405952453613
2026-01-03,DAL,HOU,-7.2966013,6.0,0.23866502838447415,1,-13.296601295471191
2026-01-03,GSW,UTA,7.3303604,9.0,0.7623088123088503,1,-1.6696395874023438
2026-01-03,SAS,POR,8.792524,-5.0,0.8018399533897635,0,13.792524337768555
2026-01-04,PHX,OKC,-6.4230814,3.0,0.2648053284819181,1,-9.423081398010254
2026-01-04,WAS,MIN,-6.0759277,-26.0,0.27568849925705224,0,19.924072265625
2026-01-04,SAC,MIL,-4.423531,-17.0,0.3310915664978551,0,12.57646894454956
2026-01-04,LAL,MEM,3.326157,6.0,0.6292012938162863,1,-2.6738429069519043
2026-01-04,MIA,NOP,7.3884444,19.0,0.7639779373988194,1,-11.611555576324463
2026-01-04,BRK,DEN,-8.405775,12.0,0.20811115873227579,1,-20.40577507019043
2026-01-04,ORL,IND,10.515989,8.0,0.8418196781140348,1,2.515989303588867
2026-01-04,CLE,DET,3.2471657,-4.0,0.6262666916864261,0,7.247165679931641
2026-01-05,BOS,CHI,10.701936,14.0,0.8457164388434462,1,-3.2980642318725586
2026-01-05,DET,NYK,0.6793404,31.0,0.5269741414308462,1,-30.320659577846527
2026-01-05,HOU,PHX,10.672555,3.0,0.8451059873951895,1,7.672554969787598
2026-01-05,TOR,ATL,2.5725014,18.0,0.6008422776034634,1,-15.427498579025269
2026-01-05,OKC,CHO,13.483747,-27.0,0.895073309642001,0,40.48374652862549
2026-01-05,PHI,DEN,0.93440676,-1.0,0.5370698111993294,0,1.9344067573547363
2026-01-05,LAC,GSW,1.6602626,1.0,0.5656066127730098,1,0.6602625846862793
2026-01-05,POR,UTA,5.4820747,20.0,0.7050658932612683,1,-14.517925262451172
2026-01-06,IND,CLE,-8.765184,-4.0,0.19885157936304565,0,-4.76518440246582
2026-01-06,WAS,ORL,-6.5868397,8.0,0.25976801651644893,1,-14.58683967590332
2026-01-06,MEM,SAS,-2.8999424,1.0,0.38674095174077644,1,-3.899942398071289
2026-01-06,MIN,MIA,4.1545835,28.0,0.6593715663826054,1,-23.84541654586792
2026-01-06,NOP,LAL,-5.5607395,-8.0,0.2923401719327394,0,2.439260482788086
2026-01-06,SAC,DAL,-4.201646,-2.0,0.3389499867206246,0,-2.201645851135254
2026-01-07,CHO,TOR,3.5152404,-1.0,0.63618694761562,0,4.515240430831909
2026-01-07,DET,CHI,8.006431,15.0,0.78123210455423,1,-6.993569374084473
2026-01-07,PHI,WAS,11.286266,21.0,0.8574522768908303,1,-9.713733673095703
2026-01-07,BOS,DEN,3.5736241,-4.0,0.6383325287845297,0,7.573624134063721
2026-01-07,ATL,NOP,10.708413,17.0,0.8458507554128799,1,-6.291586875915527
2026-01-07,BRK,ORL,-5.210554,-1.0,0.30398920084337266,0,-4.210554122924805
2026-01-07,GSW,MIL,4.4189844,7.0,0.6687483300819508,1,-2.5810155868530273
2026-01-07,POR,HOU,-4.5621843,1.0,0.3262279934011776,1,-5.5621843338012695
2026-01-07,MEM,PHX,-0.077894844,-19.0,0.4969041123316608,0,18.92210515588522
2026-01-07,OKC,UTA,17.783382,4.0,0.9441280364169031,1,13.783382415771484
2026-01-07,SAS,LAL,5.2118974,16.0,0.6960559800604971,1,-10.788102626800537
2026-01-07,NYK,LAC,3.3486495,12.0,0.6300351760978352,1,-8.651350498199463
2026-01-08,CHO,IND,7.173882,-2.0,0.7577718919319044,0,9.173882007598877
2026-01-08,MIN,CLE,3.142567,9.0,0.6223664412013998,1,-5.857433080673218
2026-01-08,UTA,DAL,-5.109007,2.0,0.30741570513775857,1,-7.109006881713867
2026-01-09,BRK,LAC,-6.1878557,-16.0,0.2721494768768297,0,9.81214427947998
2026-01-09,MEM,OKC,-8.059001,-1.0,0.21734286415367896,0,-7.0590009689331055
2026-01-09,WAS,NOP,0.06453946,-21.0,0.5025650956535672,0,21.064539462327957
2026-01-09,BOS,TOR,5.7635307,8.0,0.7142845700575158,1,-2.236469268798828
2026-01-09,ORL,PHI,3.821922,-12.0,0.6473950787255318,0,15.821922063827515
2026-01-09,POR,HOU,-4.6580987,6.0,0.32288525632856574,1,-10.658098697662354
2026-01-09,GSW,SAC,9.968094,34.0,0.8298727727868563,1,-24.031906127929688
2026-01-09,DEN,ATL,7.1494308,-23.0,0.7570576570340964,0,30.149430751800537
2026-01-09,LAL,MIL,2.8799272,-4.0,0.6125040896821632,0,6.879927158355713
2026-01-09,PHX,NYK,1.6077844,5.0,0.5635556685615489,1,-3.392215609550476
2026-01-10,UTA,CHO,-4.664636,-55.0,0.32265807110662875,0,50.33536386489868
2026-01-10,BOS,SAS,1.5910147,-5.0,0.5628998178775743,0,6.591014742851257
2026-01-10,CHI,DAL,-1.1834348,18.0,0.4531026887732217,1,-19.18343484401703
2026-01-10,IND,MIA,-4.3865213,24.0,0.3323959435166613,1,-28.386521339416504
2026-01-10,CLE,MIN,2.0380883,12.0,0.580302408792656,1,-9.961911678314209
2026-01-10,DET,LAC,6.967689,-6.0,0.7517041790167569,0,12.967689037322998
2026-01-11,MEM,BRK,5.866182,5.0,0.7176033999179002,1,0.8661818504333496
2026-01-11,POR,NYK,-0.49579275,-9.0,0.4803049342557367,0,8.504207253456116
2026-01-11,ORL,NOP,9.322782,10.0,0.8148947242254538,1,-0.6772184371948242
2026-01-11,TOR,PHI,1.5471784,1.0,0.5611843712340454,1,0.5471783876419067
2026-01-11,MIN,SAS,2.8416846,1.0,0.611060109850112,1,1.8416845798492432
2026-01-11,SAC,HOU,-10.956241,13.0,0.14908174885782616,1,-23.9562406539917
2026-01-11,OKC,MIA,12.8292885,12.0,0.8848923353820518,1,0.8292884826660156
2026-01-11,DEN,MIL,7.0720406,4.0,0.7547876335208586,1,3.072040557861328
2026-01-11,PHX,WAS,10.006682,19.0,0.8307371557029241,1,-8.993317604064941
2026-01-11,GSW,ATL,2.6469367,-13.0,0.6036769481310931,0,15.646936655044556
2026-01-12,SAC,LAL,-4.988813,12.0,0.311499004595919,1,-16.988812923431396
2026-01-12,DAL,BRK,5.3804784,8.0,0.7016960769211291,1,-2.6195216178894043
2026-01-12,LAC,CHO,4.9066973,8.0,0.6856943144103825,1,-3.0933027267456055
2026-01-12,IND,BOS,-8.049259,2.0,0.2176064290029808,1,-10.049259185791016
2026-01-12,CLE,UTA,12.403316,-11.0,0.8778125757809803,0,23.403315544128418
2026-01-12,TOR,PHI,2.159907,-13.0,0.58501173399099,0,15.159907102584839
2026-01-13,NOP,DEN,-7.7722573,-6.0,0.22519719096983243,0,-1.7722573280334473
2026-01-13,HOU,CHI,6.9150457,6.0,0.7501388169988167,1,0.9150457382202148
2026-01-13,MIA,PHX,2.4026756,6.0,0.5943498326660199,1,-3.5973243713378906
2026-01-13,MIL,MIN,-2.3310742,-33.0,0.408397550764015,0,30.668925762176514
2026-01-13,GSW,POR,4.4855933,22.0,0.6710899461304625,1,-17.51440668106079
2026-01-13,LAL,ATL,-2.5180306,25.0,0.40123640088908974,1,-27.518030643463135
2026-01-13,OKC,SAS,8.295317,21.0,0.7889799944239316,1,-12.704683303833008
2026-01-14,PHI,CLE,0.06054476,-26.0,0.5024063302681488,0,26.06054475903511
2026-01-14,DAL,DEN,-4.635959,-9.0,0.32365525798071637,0,4.364040851593018
2026-01-14,IND,TOR,-4.8120174,-14.0,0.3175587275499624,0,9.187982559204102
2026-01-14,NOP,BRK,-0.8388899,3.0,0.46670768900413573,1,-3.8388898968696594
2026-01-14,LAC,WAS,14.059642,14.0,0.9033662009958924,1,0.05964183807373047
2026-01-14,SAC,NYK,-10.421688,11.0,0.16018689040105857,1,-21.421688079833984
2026-01-14,CHI,UTA,4.298369,2.0,0.6644868536035254,1,2.2983689308166504
2026-01-15,DET,PHX,5.4723806,3.0,0.7047453095973677,1,2.4723806381225586
2026-01-15,LAL,CHO,6.2245674,-18.0,0.7290050864282941,0,24.224567413330078
2026-01-15,POR,ATL,-2.0344584,16.0,0.4198381475292598,1,-18.03445839881897
2026-01-15,GSW,NYK,2.024727,13.0,0.5797849774073147,1,-10.97527289390564
2026-01-15,DAL,UTA,7.4943247,22.0,0.76699966090583,1,-14.505675315856934
2026-01-15,ORL,MEM,4.34344,7.0,0.6660824495954611,1,-2.656559944152832
2026-01-15,HOU,OKC,-2.3709843,-20.0,0.4068654621177921,0,17.629015684127808
2026-01-15,MIA,BOS,-0.049508356,-5.0,0.49803230269361876,0,4.9504916444420815
2026-01-15,SAS,MIL,6.4291983,18.0,0.7353839497988973,1,-11.570801734924316
